В данном репозитории находятся:
1. Код на C++, реализующий генерацию матриц и перемножение матриц;
2. Код на Python, реализующий проверку значений матриц и составление таблицы;
3. Файлы с данными для работы с кодом

Матрица 1:
41 34 69 78 62 5 81 61 95 27 
91 2 92 21 18 47 71 69 67 35 
3 22 73 41 53 47 62 37 23 29 
16 90 88 40 64 46 90 70 6 93 
29 84 56 66 31 44 26 37 18 29 
33 39 4 77 73 21 24 70 77 97 
86 61 55 55 31 50 41 66 7 7 
57 53 45 9 21 22 6 13 0 62 
10 24 48 95 2 91 74 96 48 68 
81 53 18 0 27 28 48 7 10 13

Матрица 2:
67 0 24 58 64 45 27 91 42 36 
4 53 82 16 95 26 38 12 99 94 
11 33 64 11 68 44 57 59 41 78 
35 42 6 42 48 5 29 50 1 48 
23 54 40 76 8 39 23 38 82 41 
15 58 30 6 86 45 72 29 73 12 
90 36 67 74 52 50 24 30 91 37 
87 83 9 58 88 46 30 68 91 55 
59 37 83 41 50 36 20 21 99 84 
34 99 38 88 67 93 83 21 17 14

Результирующая матрица:
26993 25160 26173 27502 31355 21585 18295 23751 36230 31110 
26507 21949 22761 23937 32923 23508 20203 25794 32688 25490 
15593 19910 17822 17590 23253 16633 16335 15739 24894 19242 
23668 33957 28268 29306 39317 28283 26911 23033 38571 29982 
14185 20842 18795 16394 28295 15819 17463 16988 25658 23190 
23191 29719 20573 29019 29932 23065 20292 20074 30833 24671 
20082 19838 17844 19300 30986 17599 17368 23193 28702 23464 
9433 14515 13023 13409 19845 14441 14126 12730 15606 13906 
26186 31372 21050 25176 37838 24002 24531 22679 33044 25096 
12839 10451 13965 13476 18550 12419 10505 13306 19861 13928 

Размер матрицы и время работы:
Matrix size: 10
Lead time: 7e-06 s

Таблица значений:
![image](https://github.com/Chuck-man/Parprog_lab1/assets/114077189/58ccc2cc-ff9e-4413-8e98-daec0ac74a01)


Вывод: время генерации и перемножения пропорционально размеру матриц. Чем больше размер матриц, тем больше время работы.
